Generated program: Substr(5,24) | Substr(2,3)
([(array([[95., 74., 47.,  6., 10., 41., 33., 28., 87., 90., 36., 34., 95.,
         7., 37., 82., 47., 82., 80., 20.,  2., 82., 34.,  6., 27., 84.,
        56., 46., 35., 59., 51., 70., 37., 52.,  9.,  0.],
       [10., 63., 33., 91., 78.,  1., 63., 30., 82., 43.,  6., 66., 62.,
        52., 25., 90., 52., 34., 20., 91., 31., 68., 59., 60., 48., 10.,
        62., 45., 49.,  0.,  0.,  0.,  0.,  0.,  0.,  0.],
       [58., 39., 87., 72., 39., 13., 58., 63., 30., 89., 85., 41., 77.,
        42., 49., 60.,  9., 35., 22., 46., 93., 85., 21., 20., 80.,  0.,
         0.,  0.,  0.,  0.,  0.,  0.,  0.,  0.,  0.,  0.],
       [56., 80., 55., 35.,  5., 29., 29., 26., 47., 23., 24., 54., 73.,
        39., 70., 38., 30., 12., 50., 53., 57., 85., 60., 70., 56.,  1.,
        12., 57., 68., 17., 37., 37., 10.,  7.,  4.,  0.]]), array([[95., 74., 47.,  6., 10., 41., 33., 28., 87., 90., 36., 34., 95.,
         7., 37., 82., 47., 82., 80., 20.,  2., 82., 34.,  6., 27., 84.,
        56., 46., 35., 59., 51., 70., 37., 52.,  9.,  0.],
       [10., 63., 33., 91., 78.,  1., 63., 30., 82., 43.,  6., 66., 62.,
        52., 25., 90., 52., 34., 20., 91., 31., 68., 59., 60., 48., 10.,
        62., 45., 49.,  0.,  0.,  0.,  0.,  0.,  0.,  0.],
       [58., 39., 87., 72., 39., 13., 58., 63., 30., 89., 85., 41., 77.,
        42., 49., 60.,  9., 35., 22., 46., 93., 85., 21., 20., 80.,  0.,
         0.,  0.,  0.,  0.,  0.,  0.,  0.,  0.,  0.,  0.],
       [56., 80., 55., 35.,  5., 29., 29., 26., 47., 23., 24., 54., 73.,
        39., 70., 38., 30., 12., 50., 53., 57., 85., 60., 70., 56.,  1.,
        12., 57., 68., 17., 37., 37., 10.,  7.,  4.,  0.]]), array([[0., 0., 0., 0., 0., 0., 0., 0., 0., 0., 0., 0., 0., 0., 0., 0.,
        0., 0., 0., 0., 0., 0., 0., 0., 0., 0., 0., 0., 0., 0., 0., 0.,
        0., 0., 0., 0.],
       [0., 0., 0., 0., 0., 0., 0., 0., 0., 0., 0., 0., 0., 0., 0., 0.,
        0., 0., 0., 0., 0., 0., 0., 0., 0., 0., 0., 0., 0., 0., 0., 0.,
        0., 0., 0., 0.],
       [0., 0., 0., 0., 0., 0., 0., 0., 0., 0., 0., 0., 0., 0., 0., 0.,
        0., 0., 0., 0., 0., 0., 0., 0., 0., 0., 0., 0., 0., 0., 0., 0.,
        0., 0., 0., 0.],
       [0., 0., 0., 0., 0., 0., 0., 0., 0., 0., 0., 0., 0., 0., 0., 0.,
        0., 0., 0., 0., 0., 0., 0., 0., 0., 0., 0., 0., 0., 0., 0., 0.,
        0., 0., 0., 0.]]), array([[41., 33., 28., 87., 90., 36., 34., 95.,  7., 37., 82., 47., 82.,
        80., 20.,  2., 82., 34.,  6., 47.,  0.,  0.,  0.,  0.,  0.,  0.,
         0.,  0.,  0.,  0.,  0.,  0.,  0.,  0.,  0.,  0.],
       [ 1., 63., 30., 82., 43.,  6., 66., 62., 52., 25., 90., 52., 34.,
        20., 91., 31., 68., 59., 60., 33.,  0.,  0.,  0.,  0.,  0.,  0.,
         0.,  0.,  0.,  0.,  0.,  0.,  0.,  0.,  0.,  0.],
       [13., 58., 63., 30., 89., 85., 41., 77., 42., 49., 60.,  9., 35.,
        22., 46., 93., 85., 21., 20., 87.,  0.,  0.,  0.,  0.,  0.,  0.,
         0.,  0.,  0.,  0.,  0.,  0.,  0.,  0.,  0.,  0.],
       [29., 29., 26., 47., 23., 24., 54., 73., 39., 70., 38., 30., 12.,
        50., 53., 57., 85., 60., 70., 55.,  0.,  0.,  0.,  0.,  0.,  0.,
         0.,  0.,  0.,  0.,  0.,  0.,  0.,  0.,  0.,  0.]]), array([[0., 0., 0., 0., 0., 0., 0., 0., 0., 0., 0., 0., 0., 0., 0., 0.,
        0., 0., 0., 0., 0., 0., 0., 0., 0., 0., 0., 0., 0., 0., 0., 0.,
        0., 0., 0., 0.],
       [0., 0., 0., 0., 0., 0., 0., 0., 0., 0., 0., 0., 0., 0., 0., 0.,
        0., 0., 0., 0., 0., 0., 0., 0., 0., 0., 0., 0., 0., 0., 0., 0.,
        0., 0., 0., 0.],
       [0., 0., 0., 0., 0., 0., 0., 0., 0., 0., 0., 0., 0., 0., 0., 0.,
        0., 0., 0., 0., 0., 0., 0., 0., 0., 0., 0., 0., 0., 0., 0., 0.,
        0., 0., 0., 0.],
       [0., 0., 0., 0., 0., 0., 0., 0., 0., 0., 0., 0., 0., 0., 0., 0.,
        0., 0., 0., 0., 0., 0., 0., 0., 0., 0., 0., 0., 0., 0., 0., 0.,
        0., 0., 0., 0.]]), 0), ([' ,K59Ewr]`zx 6A>K><j1>x5q@TJyWO(AP8', '9!w{:0!t>G5$ZPo`Pxj{u&WXL9ZIM', 'VC]*CcV!t_[E/FMX8ylJ}[kj<', 'T<Sy4sspKmnR+C(BtbNQU[X(T0bU&gAA963'], ['Ewr]`zx 6A>K><j1>x5', '0!t>G5$ZPo`Pxj{u&WX', 'cV!t_[E/FMX8ylJ}[kj', 'sspKmnR+C(BtbNQU[X('], ['', '', '', ''], ['Ewr]`zx 6A>K><j1>x5K', '0!t>G5$ZPo`Pxj{u&WXw', 'cV!t_[E/FMX8ylJ}[kj]', 'sspKmnR+C(BtbNQU[X(S'], [Substr(5,24)]), ([' ,K59Ewr]`zx 6A>K><j1>x5q@TJyWO(AP8', '9!w{:0!t>G5$ZPo`Pxj{u&WXL9ZIM', 'VC]*CcV!t_[E/FMX8ylJ}[kj<', 'T<Sy4sspKmnR+C(BtbNQU[X(T0bU&gAA963'], [' ,K59Ewr]`zx 6A>K><j1>x5q@TJyWO(AP8', '9!w{:0!t>G5$ZPo`Pxj{u&WXL9ZIM', 'VC]*CcV!t_[E/FMX8ylJ}[kj<', 'T<Sy4sspKmnR+C(BtbNQU[X(T0bU&gAA963'], ['Ewr]`zx 6A>K><j1>x5', '0!t>G5$ZPo`Pxj{u&WX', 'cV!t_[E/FMX8ylJ}[kj', 'sspKmnR+C(BtbNQU[X('], ['Ewr]`zx 6A>K><j1>x5K', '0!t>G5$ZPo`Pxj{u&WXw', 'cV!t_[E/FMX8ylJ}[kj]', 'sspKmnR+C(BtbNQU[X(S'], [Substr(5,24), Commit]), ([' ,K59Ewr]`zx 6A>K><j1>x5q@TJyWO(AP8', '9!w{:0!t>G5$ZPo`Pxj{u&WXL9ZIM', 'VC]*CcV!t_[E/FMX8ylJ}[kj<', 'T<Sy4sspKmnR+C(BtbNQU[X(T0bU&gAA963'], ['K', 'w', ']', 'S'], ['Ewr]`zx 6A>K><j1>x5', '0!t>G5$ZPo`Pxj{u&WX', 'cV!t_[E/FMX8ylJ}[kj', 'sspKmnR+C(BtbNQU[X('], ['Ewr]`zx 6A>K><j1>x5K', '0!t>G5$ZPo`Pxj{u&WXw', 'cV!t_[E/FMX8ylJ}[kj]', 'sspKmnR+C(BtbNQU[X(S'], [Substr(5,24), Commit, Substr(2,3)])], [Substr(5,24), Commit, Substr(2,3), Commit])
